fx: 1645.29859; fy: 1642.9788
px: 940.400694; py: 539.433057
distortion: [-0.39205638, 0.3269371, 0.0, 0.0, -0.23, 0.0, 0.0, 0.0]
