<?xml version="1.0"?>
<opencv_storage>
<calibration_Time>"tis 27 dec 2016 19:20:25"</calibration_Time>
<nrOfFrames>18</nrOfFrames>
<image_Width>1920</image_Width>
<image_Height>1080</image_Height>
<board_Width>9</board_Width>
<board_Height>6</board_Height>
<square_Size>25.</square_Size>
<FixAspectRatio>1.</FixAspectRatio>
<flagValue>14</flagValue>
<Camera_Matrix type_id="opencv-matrix">
  <rows>3</rows>
  <cols>3</cols>
  <dt>d</dt>
  <data>
    1.0008459036906594e+03 0. 960. 0. 1.0008459036906594e+03 540. 0. 0.
    1.</data></Camera_Matrix>
<Distortion_Coefficients type_id="opencv-matrix">
  <rows>5</rows>
  <cols>1</cols>
  <dt>d</dt>
  <data>
    -3.5867976305730009e-01 1.7850242331889901e-01 0. 0.
    -5.6136286191682649e-02</data></Distortion_Coefficients>
<Avg_Reprojection_Error>5.8099596570325363e-01</Avg_Reprojection_Error>
<Per_View_Reprojection_Errors type_id="opencv-matrix">
  <rows>18</rows>
  <cols>1</cols>
  <dt>f</dt>
  <data>
    3.99896502e-01 3.83128226e-01 4.49041933e-01 5.17046750e-01
    3.85527909e-01 4.50288504e-01 3.77445489e-01 3.55365634e-01
    6.27754629e-01 8.73357236e-01 4.03973341e-01 9.60290790e-01
    5.44237077e-01 4.44956630e-01 6.15669906e-01 4.73986536e-01
    9.93035972e-01 5.94976246e-01</data></Per_View_Reprojection_Errors>
<Extrinsic_Parameters type_id="opencv-matrix">
  <rows>18</rows>
  <cols>6</cols>
  <dt>d</dt>
  <data>
    2.5614644524566138e-01 -4.8739961091066718e-03
    -3.0974903814580310e+00 9.7718404381566302e+01
    5.5478002273102256e+01 4.8549409343534381e+02
    -3.4183067248935423e-01 -1.3827147435609310e-01
    2.7910915996925882e+00 8.6770734040648748e+01 1.7342230186535359e+00
    5.1561995608912366e+02 2.5234258782143137e-01
    -4.9205368854511644e-01 -2.2820903700663528e+00
    1.6776949256934042e+01 1.6129557719287720e+02 4.4128960630481248e+02
    -1.6690628059740278e-01 -7.5689557702352106e-01
    -2.3066872712281765e+00 4.2806440478086841e+01
    1.1277738310882141e+02 3.5842292460105739e+02
    -8.8144250994839413e-01 -5.7111119633579122e-01
    2.6794685683621720e+00 6.7408907673863737e+01
    -5.5039351275456731e+01 5.9819471637396020e+02
    -1.1529536040307700e+00 -7.0345015335628225e-01
    2.2787490985694991e+00 -2.0876647550113847e+00
    -6.3803743532423823e+01 6.5962769118514461e+02
    -3.5425742987167685e-01 -8.5725267923122406e-01
    -2.6342693351783373e+00 -2.5902212321789545e+01
    9.7936648018562138e+01 4.1202154105021873e+02
    -1.3197481117700804e+00 -4.2278917458802934e-01
    2.6839363859710539e+00 -1.0856107950526868e+02
    5.7629246700229431e-01 7.1175322797259605e+02
    -3.9276085152695378e-01 2.8998592160834930e-01
    -3.0115301516909110e+00 -2.0302525788514863e+01
    1.0566789249091597e+02 3.5128765883162845e+02
    -6.0399042843752870e-01 -1.3487882953171101e-01
    -2.8760041101442275e+00 2.6424541700970019e+02
    1.2158613056969574e+02 3.1689888157862868e+02
    -1.6890970789491241e-01 -6.7226176760325151e-01
    -2.6780031569681166e+00 1.8869937133159991e+02
    1.4927484507887095e+02 3.7995059490194302e+02
    -2.2192894117946538e-01 2.8018177114048382e-01
    -2.9020188501526096e+00 1.9128829818438069e+02
    4.6629521887292711e+01 3.5545683287757561e+02
    -7.6911256884263923e-01 -4.9209301843477099e-01
    -2.5013914287699826e+00 1.9931077823648903e+02
    1.1135863226703179e+02 2.6379849610042680e+02 5.9533628873411204e-01
    2.9394635197120586e-02 -3.0132822244133233e+00
    -2.8906787708561414e+01 3.3270583387407044e+01
    5.3657503770562994e+02 -4.2274332640739987e-01
    -2.3170035287148216e-01 2.6489026812662750e+00
    -1.7112481887212348e+02 -7.3847280444545092e+01
    5.6233281140927886e+02 -1.9457075516494401e-01
    -6.5942983784694298e-01 2.9504264942254332e+00
    8.6637070308334202e+01 7.5127397020660780e+01 4.7338889269886437e+02
    -2.5230726846555079e-01 -5.2385219103640501e-01
    2.5428084847161556e+00 -1.8179326055404431e+01
    -4.3682123469237411e+01 4.4974470767576980e+02
    1.2169440625173043e-01 1.2040589070438484e-02
    -2.6127732420908445e+00 1.4864709991387761e+02
    8.5014529346839637e+01 4.5938125141259684e+02</data></Extrinsic_Parameters>
