<?xml version="1.0"?>
<opencv_storage>
<calibration_Time>"tis 27 dec 2016 19:29:12"</calibration_Time>
<nrOfFrames>9</nrOfFrames>
<image_Width>1920</image_Width>
<image_Height>1080</image_Height>
<board_Width>9</board_Width>
<board_Height>6</board_Height>
<square_Size>25.</square_Size>
<FixAspectRatio>1.</FixAspectRatio>
<flagValue>14</flagValue>
<Camera_Matrix type_id="opencv-matrix">
  <rows>3</rows>
  <cols>3</cols>
  <dt>d</dt>
  <data>
    1.4275073711405696e+03 0. 960. 0. 1.4275073711405696e+03 540. 0. 0.
    1.</data></Camera_Matrix>
<Distortion_Coefficients type_id="opencv-matrix">
  <rows>5</rows>
  <cols>1</cols>
  <dt>d</dt>
  <data>
    -2.9591737036322613e-01 -5.2788463136995634e-01 0. 0.
    1.4746938234875975e+00</data></Distortion_Coefficients>
<Avg_Reprojection_Error>1.4690031098673499e+00</Avg_Reprojection_Error>
<Per_View_Reprojection_Errors type_id="opencv-matrix">
  <rows>9</rows>
  <cols>1</cols>
  <dt>f</dt>
  <data>
    4.66564924e-01 3.90038878e-01 4.59618449e-01 3.69780064e-01
    3.11858445e-01 3.87242138e-01 8.63113582e-01 4.17021418e+00
    5.66629231e-01</data></Per_View_Reprojection_Errors>
<Extrinsic_Parameters type_id="opencv-matrix">
  <rows>9</rows>
  <cols>6</cols>
  <dt>d</dt>
  <data>
    -5.8364951989400293e-01 -1.0773384753507863e-01
    -2.6980697231060939e+00 9.4982517235875306e+01
    7.4803693013138783e+01 6.8736253122541996e+02
    -5.0773699668096262e-01 -1.2967952416482145e-01
    -2.4687908275344990e+00 8.3928687328229117e+01
    1.1031071886648631e+02 7.0189714707295343e+02 1.0901274044022247e-01
    -2.1963598175771518e-01 2.5420193894112115e+00
    1.7735069791770749e+02 3.3625932044174269e+00 7.7598873031499704e+02
    -4.4241640676555227e-01 -8.5885049705347383e-02
    -3.1055060215280248e+00 1.1394833510647840e+02
    7.7486683800011619e+01 7.9815215080642599e+02
    -2.8654982574795718e-01 -1.0190100706514818e-01
    -2.7068866822466218e+00 2.0077833953713687e+02
    1.2183761378620716e+02 5.6790585350031984e+02
    -2.6784150112572080e-01 -2.4384173820719471e-01
    -2.5964381286875953e+00 8.5134775759916508e+01
    1.0260508043702072e+02 6.6834375981421852e+02
    -2.2507370586400074e-01 -1.6905821671029309e-01
    -2.7117412355821275e+00 1.5709917324857500e+02
    1.3033063734790116e+02 6.2043977147243015e+02
    -2.0147251785286399e-01 -3.9496674669731979e-01
    -1.9695552681226656e+00 1.0504593444042598e+02
    1.3617324167626529e+02 5.6945192675880389e+02 4.5124959201571592e-02
    -5.2890937634977660e-02 -1.6029669845650869e+00
    8.8313236582534742e+01 1.2607378330229409e+02 6.3668048213647364e+02</data></Extrinsic_Parameters>
<Image_points type_id="opencv-matrix">
  <rows>9</rows>
  <cols>54</cols>
  <dt>"2f"</dt>
  <data>
    1.15586938e+03 6.93460144e+02 1.11039514e+03 6.74308105e+02
    1.06633667e+03 6.55178284e+02 1.02239807e+03 6.36607117e+02
    9.80752991e+02 6.18501526e+02 9.39564392e+02 6.00953430e+02
    8.99927979e+02 5.83690979e+02 8.61794861e+02 5.66711609e+02
    8.24777405e+02 5.50566406e+02 1.17492456e+03 6.46466187e+02
    1.12961853e+03 6.28170349e+02 1.08537830e+03 6.09205505e+02
    1.04170361e+03 5.91095337e+02 9.99037720e+02 5.73484192e+02
    9.57911011e+02 5.56346558e+02 9.17780396e+02 5.39442078e+02
    8.79246033e+02 5.23481812e+02 8.42095703e+02 5.07810181e+02
    1.19437402e+03 5.98584412e+02 1.14879492e+03 5.80603577e+02
    1.10454504e+03 5.62660278e+02 1.06033447e+03 5.45238708e+02
    1.01742999e+03 5.28017029e+02 9.76114746e+02 5.11460175e+02
    9.35696838e+02 4.95355377e+02 8.96564331e+02 4.79947693e+02
    8.59195496e+02 4.65360596e+02 1.21437866e+03 5.51058716e+02
    1.16808057e+03 5.33658936e+02 1.12317737e+03 5.16011536e+02
    1.07895215e+03 4.98771973e+02 1.03565613e+03 4.82693787e+02
    9.94351685e+02 4.66660950e+02 9.53268372e+02 4.51184601e+02
    9.14521973e+02 4.36441681e+02 8.76392700e+02 4.22235321e+02
    1.23273328e+03 5.03873962e+02 1.18673376e+03 4.86379425e+02
    1.14224426e+03 4.69565247e+02 1.09736804e+03 4.53404388e+02
    1.05431897e+03 4.37494934e+02 1.01258209e+03 4.22168579e+02
    9.71337891e+02 4.07549805e+02 9.32134338e+02 3.93488892e+02
    8.94195801e+02 3.79903381e+02 1.25137305e+03 4.56693237e+02
    1.20543274e+03 4.40032318e+02 1.16084839e+03 4.23317841e+02
    1.11580737e+03 4.07679077e+02 1.07278345e+03 3.92397827e+02
    1.03007922e+03 3.78010864e+02 9.89388916e+02 3.64041626e+02
    9.49950562e+02 3.50538330e+02 9.11408752e+02 3.37799500e+02
    1.12899023e+03 7.61616577e+02 1.09035254e+03 7.32073730e+02
    1.05244324e+03 7.03439148e+02 1.01466400e+03 6.74601562e+02
    9.78500061e+02 6.46742615e+02 9.43190125e+02 6.19240540e+02
    9.08598267e+02 5.92386536e+02 8.75421631e+02 5.66639343e+02
    8.42913513e+02 5.41268677e+02 1.15852844e+03 7.21496887e+02
    1.11958179e+03 6.92487061e+02 1.08141260e+03 6.63720398e+02
    1.04356030e+03 6.35445740e+02 1.00663928e+03 6.07666565e+02
    9.70913818e+02 5.81071716e+02 9.35978149e+02 5.54490845e+02
    9.02242065e+02 5.29129456e+02 8.69405334e+02 5.04222717e+02
    1.18784595e+03 6.80633606e+02 1.14901147e+03 6.52229065e+02
    1.11058350e+03 6.24050537e+02 1.07206018e+03 5.95824463e+02
    1.03474561e+03 5.68664062e+02 9.98773010e+02 5.42379456e+02
    9.63374695e+02 5.16398071e+02 9.29073547e+02 4.91481934e+02
    8.95913330e+02 4.67192902e+02 1.21792334e+03 6.39989380e+02
    1.17842212e+03 6.11546509e+02 1.13959949e+03 5.83893799e+02
    1.10110767e+03 5.56373047e+02 1.06364331e+03 5.29524719e+02
    1.02674390e+03 5.03553345e+02 9.90936279e+02 4.78147980e+02
    9.56432861e+02 4.53707825e+02 9.22505554e+02 4.30158630e+02
    1.24692761e+03 5.99352417e+02 1.20733435e+03 5.70977661e+02
    1.16826074e+03 5.43948608e+02 1.12936133e+03 5.16537720e+02
    1.09146765e+03 4.90651703e+02 1.05464050e+03 4.65194153e+02
    1.01850153e+03 4.40341095e+02 9.83492920e+02 4.16581146e+02
    9.49539307e+02 3.93449890e+02 1.27583228e+03 5.58389160e+02
    1.23574463e+03 5.30806213e+02 1.19670007e+03 5.03820709e+02
    1.15732983e+03 4.77381866e+02 1.11953198e+03 4.51686188e+02
    1.08198987e+03 4.26799316e+02 1.04565466e+03 4.02642517e+02
    1.01038770e+03 3.79467133e+02 9.75936646e+02 3.56829315e+02
    1.27946570e+03 5.45995605e+02 1.24245532e+03 5.71121338e+02
    1.20529871e+03 5.95177856e+02 1.16802893e+03 6.20177063e+02
    1.13013416e+03 6.44351074e+02 1.09264880e+03 6.68491089e+02
    1.05529419e+03 6.92190430e+02 1.01772791e+03 7.15526672e+02
    9.81042664e+02 7.38486511e+02 1.25703564e+03 5.09370850e+02
    1.21938965e+03 5.33959351e+02 1.18201160e+03 5.58647522e+02
    1.14383167e+03 5.83449402e+02 1.10606677e+03 6.07859558e+02
    1.06832385e+03 6.32383606e+02 1.03024548e+03 6.56556641e+02
    9.93152466e+02 6.80148743e+02 9.56065369e+02 7.03560791e+02
    1.23362744e+03 4.71663635e+02 1.19585730e+03 4.96494019e+02
    1.15806152e+03 5.21136353e+02 1.11950134e+03 5.46468201e+02
    1.08135620e+03 5.71366089e+02 1.04364868e+03 5.95915222e+02
    1.00578412e+03 6.19926575e+02 9.67878662e+02 6.44223389e+02
    9.31220886e+02 6.68121521e+02 1.20932263e+03 4.33328033e+02
    1.17130420e+03 4.58053192e+02 1.13316223e+03 4.83245605e+02
    1.09457959e+03 5.08445404e+02 1.05643457e+03 5.33541443e+02
    1.01803833e+03 5.58583374e+02 9.80009033e+02 5.83380310e+02
    9.42620972e+02 6.07448364e+02 9.05654785e+02 6.32130188e+02
    1.18482349e+03 3.94545654e+02 1.14634705e+03 4.20103699e+02
    1.10834814e+03 4.44936310e+02 1.06937744e+03 4.70581726e+02
    1.03096484e+03 4.95654297e+02 9.92667725e+02 5.20698730e+02
    9.54318665e+02 5.46144287e+02 9.16733765e+02 5.70647339e+02
    8.79765259e+02 5.95286804e+02 1.15975952e+03 3.55995331e+02
    1.12124158e+03 3.81232727e+02 1.08272595e+03 4.06395752e+02
    1.04378979e+03 4.32047882e+02 1.00530157e+03 4.57478607e+02
    9.66900330e+02 4.82919067e+02 9.28334595e+02 5.08245209e+02
    8.90934265e+02 5.33441772e+02 8.53910767e+02 5.58216248e+02
    1.16169666e+03 6.76902710e+02 1.11809973e+03 6.76160095e+02
