<?xml version="1.0"?>
<opencv_storage>
	<calibration_Time>"fre 23 dec 2016 18:17:27"</calibration_Time>
	<nrOfFrames>24</nrOfFrames>
	<image_Width>1920</image_Width>
	<image_Height>1080</image_Height>
	<board_Width>9</board_Width>
	<board_Height>6</board_Height>
	<square_Size>19.</square_Size>
	<FixAspectRatio>1.</FixAspectRatio>
	<flagValue>14</flagValue>
	<Camera_Matrix type_id="opencv-matrix">
		<rows>3</rows>
		<cols>3</cols>
		<dt>d</dt>
		<data>
			1.2813344420400113e+03 0. 960. 0. 1.2813344420400113e+03 540. 0. 0. 1.
		</data>
	</Camera_Matrix>
	<Distortion_Coefficients type_id="opencv-matrix">
		<rows>5</rows>
		<cols>1</cols>
		<dt>d</dt>
		<data>
			-4.0853958010634372e-01 3.9398247925472785e-01 0. 0. -4.1251104107046488e-01
		</data>
	</Distortion_Coefficients>
	<Avg_Reprojection_Error>6.5237009681754710e-01</Avg_Reprojection_Error>
	<Per_View_Reprojection_Errors type_id="opencv-matrix">
		<rows>24</rows>
		<cols>1</cols>
		<dt>f</dt>
		<data>
			3.25849712e-01 3.13606024e-01 3.62115949e-01 4.29484397e-01
			4.65065211e-01 4.16985452e-01 4.37928617e-01 4.85521287e-01
			2.70482600e-01 4.29288089e-01 5.92404604e-01 1.04078376e+00
			9.11203325e-01 4.71786857e-01 1.15681970e+00 6.97283030e-01
			1.10801136e+00 7.26974726e-01 8.11358273e-01 7.94949710e-01
			7.08921254e-01 5.42351604e-01 4.61285532e-01 5.01432717e-01</data></Per_View_Reprojection_Errors>
	<Extrinsic_Parameters type_id="opencv-matrix">
		<rows>24</rows>
		<cols>6</cols>
		<dt>d</dt>
		<data>
			-1.8468627751836383e-01 3.1732824159764533e-01
			-2.9717735221408543e+00 9.1480194310444759e+01
			3.9054893484322271e+01 3.8795060131540305e+02
			-4.2541132617782823e-01 1.8911085322196416e-01
			-2.9109656687511829e+00 5.6147280586355059e+01
			7.7462921072462180e+01 3.8040516296224831e+02
			-7.0542975514914275e-01 1.5696438232668988e-01
			-2.8261920992052878e+00 1.5996000400495102e+01
			6.0446307999470598e+01 3.6946988104868251e+02
			-8.2019628267652545e-01 7.1389749649821843e-01
			-2.5867975242018333e+00 6.7118594370028077e+01
			1.0721131334720586e+02 4.3917181682680592e+02
			-4.6905144450556396e-01 8.2859391656999914e-01
			-2.6299743785575944e+00 1.0514610193315906e+02
			1.3673425482265384e+02 4.0518505222506957e+02 2.4193482967108262e-01
			8.7902903338789651e-01 -2.5189608107253729e+00
			2.6226902048719200e+01 1.0974489159564922e+02 5.0741047001221420e+02
			5.3973279298961463e-01 6.5632908552965652e-01
			-1.9448982096330056e+00 -3.4569971955447620e+01
			5.7441928528983674e+01 4.5243479886157468e+02 1.0722468674904457e+00
			4.1382662218801941e-01 -2.5437430761767543e+00
			2.1546528581087649e+01 5.6749780145945820e+01 4.3998510800909025e+02
			3.2143952447373220e-01 3.8885749335127423e-01
			-2.5902416492363125e+00 5.7800556761301685e+01
			9.3362094679877117e+01 5.4709006564496508e+02 1.7764734096416834e-01
			5.1900157684257242e-01 -2.7523203948960679e+00
			2.2977958261907581e+01 8.6260037090061516e+01 4.0671402525646636e+02
			4.0306224438515909e-01 3.0403412836448340e-01 2.7329683326062915e+00
			4.7289385935887820e+00 1.7466055389894830e+01 3.4857930091695306e+02
			-9.8117882884272523e-01 2.1459875367016967e-01
			-1.6250424788098330e+00 2.2531806368703617e+01
			3.6357699145030075e+01 2.8747165898053311e+02
			-7.5604821779349440e-01 1.6585685344877663e-01
			2.9777955089596055e+00 1.6560152295996556e+02 5.2429378142610922e+01
			3.2112654669343812e+02 8.1201901007553867e-02 1.5090038798069483e-01
			2.8426719620894572e+00 7.8411798651671489e+01 6.2840986273408575e+01
			4.2019715569726532e+02 1.1845030988571585e+00 4.8477241766090251e-01
			2.7250189650487120e+00 3.3217201237547670e+01 1.5641635088758251e+01
			2.2534647274631959e+02 -6.7423897176702263e-01
			2.8699895162539329e-01 -1.2188602840952969e+00
			-4.2236917464864369e+01 2.2293038390932622e+00
			3.3932470698773045e+02 -7.7712657438536537e-01
			3.5210028817481165e-01 1.6735142317344917e-01
			-5.3752246038207517e+01 -4.3540008722175145e+01
			3.2041092903444053e+02 -3.2657488651728456e-01
			3.2440417145383343e-01 1.1138970097432292e+00 1.7909076371223605e+01
			-7.9656733562783529e+01 3.1564465032345248e+02
			-2.1565863439497190e-01 2.8394145339420340e-01
			1.4574879667967224e+00 6.6612000787649478e+01
			-1.1979082400135289e+02 3.1616531258426369e+02
			-2.7622831772733314e-01 4.7361633300226136e-01
			1.4155284227799543e+00 7.9223684839517887e+01
			-7.6119212974543146e+01 3.0905354706711620e+02
			-1.1461095517329310e-01 5.0167249956402586e-02
			1.2943256840456225e+00 1.5124355542891776e+00
			-5.2652968926435783e+01 4.8745961416313799e+02
			3.9041168730112978e-02 -6.3748617107677527e-02
			-1.3893373696241236e+00 -1.1200735731427292e+02
			1.2994486645810264e+02 4.2780293360482875e+02
			-4.0381554483718707e-01 -6.4162542804536968e-02
			-8.1538939057457993e-01 -2.2640069593819920e+01
			-1.3489679896629589e+01 3.9429428621958891e+02
			1.1319901668284156e-02 -4.1759258186520282e-01
			-2.4141439587010652e-01 -6.3251834204095850e+01
			-4.4785699082362328e+01 3.2006273735631504e+02</data></Extrinsic_Parameters>
	<Image_points type_id="opencv-matrix">
		<rows>24</rows>
		<cols>54</cols>
		<dt>"2f"</dt>
		<data>
			1.25450537e+03 6.65321777e+02 1.19511011e+03 6.56155212e+02
			1.13515820e+03 6.46780701e+02 1.07473132e+03 6.37204041e+02
			1.01469287e+03 6.27409729e+02 9.54516174e+02 6.17304016e+02
			8.95105591e+02 6.07209961e+02 8.36348083e+02 5.97356873e+02
			7.78968262e+02 5.87478760e+02 1.26590381e+03 6.07104065e+02
			1.20625415e+03 5.97716675e+02 1.14523401e+03 5.88045715e+02
			1.08445300e+03 5.78158447e+02 1.02319861e+03 5.68556580e+02
			9.62551514e+02 5.58572205e+02 9.01882690e+02 5.48638550e+02
			8.43102783e+02 5.38772705e+02 7.84832947e+02 5.29287964e+02
			1.27751660e+03 5.47500854e+02 1.21689819e+03 5.37658020e+02
			1.15584595e+03 5.27846802e+02 1.09391382e+03 5.18031616e+02
			1.03225403e+03 5.08240204e+02 9.70456360e+02 4.98402344e+02
			9.09722473e+02 4.88621429e+02 8.49683044e+02 4.79280060e+02
			7.91280701e+02 4.70072113e+02 1.28843018e+03 4.86823334e+02
			1.22768201e+03 4.76565704e+02 1.16580591e+03 4.66506287e+02
			1.10372058e+03 4.56471985e+02 1.04103210e+03 4.46760773e+02
			9.79026794e+02 4.36913300e+02 9.17394836e+02 4.27703369e+02
			8.57306030e+02 4.18488495e+02 7.97734314e+02 4.09878754e+02
			1.29930603e+03 4.25063965e+02 1.23808069e+03 4.14499634e+02
			1.17577637e+03 4.03980652e+02 1.11299365e+03 3.94148865e+02
			1.05032263e+03 3.84185608e+02 9.87584167e+02 3.74807922e+02
			9.25455261e+02 3.65701416e+02 8.64332947e+02 3.57256836e+02
			8.05026855e+02 3.48875793e+02 1.30953284e+03 3.62800201e+02
			1.24798401e+03 3.51934540e+02 1.18545190e+03 3.41371735e+02
			1.12255151e+03 3.31159058e+02 1.05928735e+03 3.21479156e+02
			9.96298279e+02 3.12162933e+02 9.33841675e+02 3.03471710e+02
			8.72631897e+02 2.95342438e+02 8.12426514e+02 2.87628357e+02
			1.14527466e+03 7.94340210e+02 1.08529993e+03 7.79666748e+02
			1.02617346e+03 7.65028137e+02 9.67924561e+02 7.50100769e+02
			9.11603760e+02 7.35005249e+02 8.56479065e+02 7.20184143e+02
			8.03165588e+02 7.04953552e+02 7.51387512e+02 6.90733398e+02
			7.01825562e+02 6.76333862e+02 1.15815259e+03 7.35895142e+02
			1.09763782e+03 7.21789490e+02 1.03738184e+03 7.07228516e+02
			9.78638550e+02 6.92521851e+02 9.21063660e+02 6.78353699e+02
			8.65560486e+02 6.63805237e+02 8.11119019e+02 6.49688477e+02
			7.59384460e+02 6.35501465e+02 7.08903625e+02 6.22107117e+02
			1.17133850e+03 6.76039368e+02 1.10977136e+03 6.62022522e+02
			1.04923718e+03 6.47953491e+02 9.89383911e+02 6.33875671e+02
			9.31196533e+02 6.19925354e+02 8.74597961e+02 6.05980591e+02
			8.20140503e+02 5.92509338e+02 7.67036926e+02 5.79369080e+02
			7.16760864e+02 5.66529907e+02 1.18433118e+03 6.14705750e+02
			1.12239026e+03 6.00875427e+02 1.06076904e+03 5.87062134e+02
			1.00061798e+03 5.73469543e+02 9.41290466e+02 5.60298279e+02
			8.84517456e+02 5.47065369e+02 8.28941101e+02 5.34513672e+02
