<?xml version="1.0"?>
<opencv_storage>
	<calibration_Time>"fre 23 dec 2016 18:18:02"</calibration_Time>
	<nrOfFrames>23</nrOfFrames>
	<image_Width>1920</image_Width>
	<image_Height>1080</image_Height>
	<board_Width>9</board_Width>
	<board_Height>6</board_Height>
	<square_Size>19.</square_Size>
	<FixAspectRatio>1.</FixAspectRatio>
	<flagValue>14</flagValue>
	<Camera_Matrix type_id="opencv-matrix">
		<rows>3</rows>
		<cols>3</cols>
		<dt>d</dt>
		<data>
			1.0206675624980136e+03 0. 960. 0. 1.0206675624980136e+03 540. 0. 0.
			1.</data></Camera_Matrix>
	<Distortion_Coefficients type_id="opencv-matrix">
		<rows>5</rows>
		<cols>1</cols>
		<dt>d</dt>
		<data>
			-3.3804602306138504e-01 9.6811937462303474e-02 0. 0.
			1.2349563666974557e-01</data></Distortion_Coefficients>
	<Avg_Reprojection_Error>8.1413141832907465e-01</Avg_Reprojection_Error>
	<Per_View_Reprojection_Errors type_id="opencv-matrix">
		<rows>23</rows>
		<cols>1</cols>
		<dt>f</dt>
		<data>
			4.03042704e-01 4.44997132e-01 3.52692068e-01 3.93066913e-01
			4.54016477e-01 6.51389539e-01 6.27309322e-01 8.53537500e-01
			7.11173356e-01 9.48997974e-01 5.07411242e-01 3.60195160e-01
			4.81136680e-01 2.99245864e-01 6.82597339e-01 5.82831562e-01
			5.87249875e-01 1.19254708e+00 3.51705968e-01 2.78385568e+00
			3.36776823e-01 3.45850617e-01 2.42758006e-01</data></Per_View_Reprojection_Errors>
	<Extrinsic_Parameters type_id="opencv-matrix">
		<rows>23</rows>
		<cols>6</cols>
		<dt>d</dt>
		<data>
			6.8855643433653940e-02 -3.8847890769935550e-01
			1.3964915898778227e+00 3.9815501159662269e+01 8.9292082963331616e+00
			3.8690962160986595e+02 -5.6235133359282630e-01
			-7.3668035880226579e-02 1.3550891227545065e+00
			1.9242843591954319e+01 1.9074632079329326e+01 4.4691960861462678e+02
			3.9645589451548624e-01 1.5794585052308946e-01 2.1029146097038747e+00
			1.0492735279647813e+02 -2.1988391523879752e+01
			3.8223657000007717e+02 6.3101789087807655e-02
			-4.0059268794896108e-01 2.1865888298174414e+00
			2.5710513677515895e+01 3.9761701475031629e+01 4.1950449528585705e+02
			4.3318362563113227e-01 6.6736773999285626e-02 1.4551248558178138e+00
			4.9549242024745986e+01 -2.3931118066687302e+00
			3.7201084630526270e+02 -1.7079649975910663e-01
			1.2240053677358892e-01 1.4479882940819493e+00 1.0921454685803198e+02
			1.5161410296098924e+02 6.1359160873172084e+02
			-7.7847362391001082e-02 -9.0919436078078475e-01
			2.1652756668251798e+00 1.4807279679851057e+01 3.1642500604103247e+01
			3.5028187012483767e+02 -7.4907477035849490e-01
			1.7904646098531440e-01 1.8075927942531016e+00 8.3430974634991060e+01
			2.3852118275050405e+01 3.7968897861455014e+02
			-4.5262849112107839e-01 2.9185518457904375e-01
			2.3584920418854360e+00 1.2148512271214068e+02
			-5.7407157234456868e+01 4.4071302894590298e+02
			7.8202071482081512e-02 1.6799932610988630e-01 2.6379976555319535e+00
			5.0685570408535298e+01 -1.6730494613568763e+00
			3.8931873518297925e+02 2.5319143426600843e-01
			-1.8538809037910203e-01 2.7159566058089286e+00
			-2.6741941502589974e+01 8.2410353490643459e+01
			5.7991582548213739e+02 -4.1962564359579047e-01
			-2.3345455578930262e-02 2.3808941091188971e+00
			1.6090345039205712e+01 1.1415778296098351e+02 5.5735869226329532e+02
			-1.8761157499837136e-01 2.7831490034427769e-01
			2.3246059226421782e+00 1.9900704727669964e+02
			-1.9674338501492610e+01 4.0601038098129783e+02
			9.8194270854082860e-02 -9.6918782298467288e-02
			2.4146791343440932e+00 9.4163827749496065e+01 5.2342241606411314e+01
			4.5769660312652582e+02 4.1841674575373661e-01 3.8571629559032505e-01
			2.4380798940025521e+00 9.4425866908858637e+01 8.8811960008697923e+01
			3.8544447585037000e+02 -1.3375778114648150e-02
			4.0982422979362876e-01 2.1491909297056022e+00 1.0534426665650197e+02
			-4.2764101497536352e+01 3.7284235355474516e+02
			-4.9891024259124128e-01 -1.2448250189134509e-01
			1.9590621967740747e+00 8.5475881604384668e+01 8.1268635271828593e+00
			4.7824379491365340e+02 1.4356413278878472e-01
			-4.5284014742558754e-01 2.2671964001379523e+00
			1.3628996486971243e+01 5.3657938762739498e+01 4.6698076412499438e+02
			-2.2462932912175945e-01 -5.2810054694054098e-01
			2.0386066386358417e+00 2.6500865993974358e+01 2.0538482401368693e+01
			5.3535866854781636e+02 -1.4027840842028846e-01
			1.6548665879152083e-01 2.0680430702429402e+00 6.9574166591533086e+01
			-5.0955872999710230e+01 4.7915816432291109e+02
			-1.2213438108077519e-01 4.5866306382209349e-01
			1.9650877697104960e+00 1.2064010984988177e+02
			-4.9613983095457471e+01 5.0389872853052776e+02
			1.5854668555953200e-01 -1.1170242236317061e-01
			2.1490978909787763e+00 8.8279734176673088e+01
			-3.8661658194005092e+01 6.6985617716971797e+02
			3.5306239033424935e-01 -1.9618164133835103e-01
			2.1995674492592596e+00 8.3152218722328783e+01 5.4257780934693663e+01
			6.1710418732551966e+02</data></Extrinsic_Parameters>
	<Image_points type_id="opencv-matrix">
		<rows>23</rows>
		<cols>54</cols>
		<dt>"2f"</dt>
		<data>
			1.06473291e+03 5.64155457e+02 1.06863647e+03 6.09332703e+02
			1.07327954e+03 6.54002991e+02 1.07710266e+03 6.96602722e+02
			1.08049048e+03 7.37457458e+02 1.08325122e+03 7.76148071e+02
			1.08602478e+03 8.13446533e+02 1.08850244e+03 8.48771729e+02
			1.09069373e+03 8.82246643e+02 1.01685583e+03 5.73515320e+02
			1.02159491e+03 6.19121582e+02 1.02689307e+03 6.63877991e+02
			1.03181238e+03 7.06993835e+02 1.03599133e+03 7.47874634e+02
			1.03998608e+03 7.87091064e+02 1.04369177e+03 8.24255127e+02
			1.04699744e+03 8.59747559e+02 1.05015308e+03 8.93192505e+02
			9.67827087e+02 5.82662842e+02 9.73787781e+02 6.28953125e+02
			9.79760986e+02 6.73682922e+02 9.85478333e+02 7.16809265e+02
			9.90796509e+02 7.58091125e+02 9.95638184e+02 7.97097717e+02
			1.00048779e+03 8.34583618e+02 1.00481891e+03 8.70351074e+02
			1.00924341e+03 9.04238525e+02 9.18341614e+02 5.92379517e+02
			9.25203491e+02 6.39383484e+02 9.31866882e+02 6.83604980e+02
			9.38499390e+02 7.26713135e+02 9.44786560e+02 7.68169006e+02
			9.50773315e+02 8.07366882e+02 9.56400696e+02 8.44720154e+02
			9.61856628e+02 8.80481506e+02 9.67148682e+02 9.14018921e+02
			8.68442993e+02 6.02492432e+02 8.76132446e+02 6.49165527e+02
			8.83936646e+02 6.93984192e+02 8.91431213e+02 7.36915833e+02
			8.98653931e+02 7.78427551e+02 9.05449402e+02 8.17409851e+02
			9.12367798e+02 8.54902161e+02 9.18633484e+02 8.90750671e+02
			9.24849121e+02 9.24339722e+02 8.17682129e+02 6.12388916e+02
			8.26487183e+02 6.58683411e+02 8.35030762e+02 7.03705872e+02
			8.43534912e+02 7.47208008e+02 8.51720276e+02 7.88328979e+02
			8.59574280e+02 8.27682617e+02 8.67354614e+02 8.64696838e+02
			8.74565918e+02 9.00419922e+02 8.81327454e+02 9.34306213e+02
			1.00445392e+03 5.83478455e+02 1.01433038e+03 6.25289246e+02
			1.02599194e+03 6.66565125e+02 1.03686243e+03 7.09111938e+02
			1.04762878e+03 7.52019653e+02 1.05792114e+03 7.94969788e+02
			1.06832886e+03 8.37657104e+02 1.07878967e+03 8.80023315e+02
			1.08881152e+03 9.22084717e+02 9.65171265e+02 5.88939758e+02
			9.75076538e+02 6.31511780e+02 9.86206055e+02 6.73927551e+02
			9.97424927e+02 7.16939392e+02 1.00790039e+03 7.60984558e+02
			1.01895789e+03 8.04642700e+02 1.02946960e+03 8.48362671e+02
			1.04013611e+03 8.91703918e+02 1.05000281e+03 9.34504028e+02
			9.24143921e+02 5.94731628e+02 9.34378174e+02 6.37772217e+02
			9.45105286e+02 6.81380676e+02 9.55899109e+02 7.25362793e+02
			9.67133972e+02 7.70033081e+02 9.77731567e+02 8.14556396e+02
			9.88810486e+02 8.59180481e+02 9.99529480e+02 9.03307800e+02
			1.01046149e+03 9.46899231e+02 8.82311157e+02 6.00339172e+02
			8.92665039e+02 6.44047607e+02 9.02814941e+02 6.88544312e+02
			9.13620789e+02 7.33520813e+02 9.24447266e+02 7.79136597e+02
			9.35338745e+02 8.24390503e+02 9.46307739e+02 8.69767944e+02
			9.57534973e+02 9.14752686e+02 9.68272461e+02 9.59098938e+02
			8.39235107e+02 6.05800232e+02 8.48843506e+02 6.50703918e+02
			8.59544373e+02 6.95578491e+02 8.69668152e+02 7.41456238e+02
